<g 
    id="cc"
    transform="translate(-12.5 17)">
    <text x="12.5" y="-7" id="cc-text" class="font-sm text-center">
         <tspan>A pattern from __COMPANY__</tspan>
         <tspan x="12.5" dy="4.5">Designed by __AUTHOR__</tspan>
    </text>
    <path
       style="fill:#aab2ab;stroke:none;"
       d="M 0.6541633,0.1057410879 24.2695086,0.1476948679 C 24.5994723,0.1476948679 24.8942563,0.0987660479 24.8942563,0.8062059679 L 24.8653437,8.583904378 0.0582268,8.583904378 0.0582268,0.7772933979 C 0.0582268,0.4284273879 0.0919923,0.1057410879 0.6541633,0.1057410879 z"
       id="cc-gray" />
    <path
       sodipodi:type="arc"
       style="fill:#ffffff;fill-opacity:1;stroke:#000000;stroke-width:0.6000000238;stroke-linecap:round;stroke-linejoin:round;stroke-miterlimit:4;stroke-opacity:1;stroke-dasharray:none;stroke-dashoffset:0"
       id="cc-circle"
       sodipodi:cx="4.31"
       sodipodi:cy="4.08"
       sodipodi:rx="2.95"
       sodipodi:ry="2.95"
       d="M 7.26,4.08 A 2.95,2.95 0 1 1 1.36,4.08 2.95,2.95 0 1 1 7.26,4.08 z" />
    <path
       style="fill:#000000;stroke:none;"
       id="cc-background"
       d="M 24.5317425,-4.720507807e-7 0.468156,-4.720507807e-7 C 0.210069,-4.720507807e-7 0,0.2099671479 0,0.4680540779 L 0,8.645267778 C 0,8.703598098 0.0474112,8.750907898 0.1057415,8.750907898 L 24.8942584,8.750907898 C 24.9525887,8.750907898 25,8.703596028 25,8.645267778 L 25,0.4680540779 C 24.9999979,0.2099671479 24.7899309,-4.720507807e-7 24.5317425,-4.720507807e-7 z M 0.4681539,0.2114826579 24.5317404,0.2114826579 C 24.6733696,0.2114826579 24.7885127,0.3265242779 24.7885127,0.4680540779 24.7885127,0.4680540779 24.7885127,3.769913798 24.7885127,6.151132078 L 7.5332551,6.151132078 C 6.9028471,7.291043278 5.6883305,8.065001788 4.2944772,8.065001788 2.9000173,8.065001788 1.685803,7.291751338 1.0556993,6.151132078 L 0.211481,6.151132078 C 0.211481,3.769915868 0.211481,0.4680540779 0.211481,0.4680540779 0.2114831,0.3265263479 0.3266262,0.2114826579 0.4681539,0.2114826579 z" />
    <path
       id="cc-by"
       d="M 14.7333063,6.825409968 14.7333063,8.192597468 15.3973688,8.192597468 C 15.4594382,8.192597468 15.5338458,8.208166578 15.5926813,8.192597468 15.6513139,8.177231248 15.7030356,8.146821838 15.7489313,8.114472468 15.7946242,8.082325988 15.7999636,8.048033628 15.8270563,7.997284968 15.8541491,7.946333398 15.8661188,7.871524138 15.8661188,7.801972468 15.8661188,7.715638448 15.8691094,7.628857338 15.8270563,7.567597468 15.7850032,7.506337588 15.7170654,7.474873338 15.6317438,7.450409968 15.6936103,7.420689948 15.7564539,7.379724818 15.7879938,7.333222468 15.8197366,7.286920938 15.8270563,7.246524138 15.8270563,7.176972468 15.8270563,7.112476618 15.8092233,7.064595458 15.7879938,7.020722468 15.7667643,6.977052368 15.7484852,6.929818188 15.7098688,6.903534968 15.6710496,6.877048848 15.6078043,6.836933588 15.5536188,6.825409968 15.4992304,6.813886338 15.4240154,6.825409968 15.3583063,6.825409968 L 14.7333063,6.825409968 z M 15.9442438,6.825409968 16.4520563,7.684784968 16.4520563,8.192597468 16.7645563,8.192597468 16.7645563,7.684784968 17.2723688,6.825409968 16.9208063,6.825409968 16.6083063,7.372284968 16.2958063,6.825409968 15.9442438,6.825409968 z M 15.0458063,7.059784968 15.3192438,7.059784968 C 15.3461337,7.059784968 15.3722968,7.055337828 15.3973688,7.059784968 15.4224408,7.064232098 15.4560842,7.087323838 15.4754938,7.098847468 15.4949034,7.110573978 15.5028298,7.117287108 15.5145563,7.137909968 15.5260799,7.158331988 15.5145563,7.183888488 15.5145563,7.216034968 15.5145563,7.273858048 15.5102697,7.307545868 15.4754938,7.333222468 15.4405151,7.358899068 15.3734293,7.372284968 15.3192438,7.372284968 L 15.0458063,7.372284968 15.0458063,7.059784968 z M 15.0458063,7.606659968 15.3583063,7.606659968 C 15.4240154,7.606659968 15.4745238,7.615596648 15.5145563,7.645722468 15.5545888,7.676049098 15.5926813,7.731207568 15.5926813,7.801972468 15.5926813,7.837961528 15.5659519,7.857048148 15.5536188,7.880097468 15.5412857,7.903347598 15.5351792,7.905613598 15.5145563,7.919159968 15.4937306,7.932503438 15.4635241,7.952359198 15.4364313,7.958222468 15.4093386,7.964085728 15.3880263,7.958222468 15.3583063,7.958222468 L 15.0458063,7.958222468 15.0458063,7.606659968 z"
       style="fill:#ffffff;stroke:none;" />
    <path
       d="M 3.8282402,3.767999698 C 3.7468611,3.590582728 3.6250499,3.501819118 3.4625916,3.501819118 3.1753872,3.501819118 3.0318401,3.695208658 3.0318401,4.081788948 3.0318401,4.468457788 3.1753872,4.661648538 3.4625916,4.661648538 3.6522419,4.661648538 3.7877033,4.567535438 3.8689831,4.378900798 L 4.2670792,4.590887048 C 4.0773295,4.928027918 3.7926571,5.096641718 3.41306,5.096641718 3.1203019,5.096641718 2.8857682,5.006875078 2.7096633,4.827538798 2.5332566,4.648003718 2.4453081,4.400531898 2.4453081,4.085022138 2.4453081,3.775071508 2.536085,3.529011168 2.717749,3.346752538 2.899413,3.164483068 3.1256513,3.073391708 3.3968832,3.073391708 3.7981168,3.073391708 4.0854152,3.231505338 4.259093,3.547410888 L 3.8282402,3.767999698 z M 5.7011713,3.767999698 C 5.6196873,3.590582728 5.5003033,3.501819118 5.3428963,3.501819118 5.049934,3.501819118 4.903347,3.695208658 4.903347,4.081788948 4.903347,4.468457788 5.049934,4.661648538 5.3428963,4.661648538 5.5328557,4.661648538 5.6658845,4.567535438 5.7418094,4.378900798 L 6.1488063,4.590887048 C 5.9593548,4.928027918 5.6750835,5.096641718 5.2961931,5.096641718 5.0038361,5.096641718 4.7698104,5.006875078 4.5938067,4.827538798 4.4181102,4.648003718 4.3300641,4.400531898 4.3300641,4.085022138 4.3300641,3.775071508 4.4194241,3.529011168 4.5980537,3.346752538 4.776584,3.164483068 5.003838,3.073391708 5.2800236,3.073391708 5.6805468,3.073391708 5.9674422,3.231505338 6.1405128,3.547410888 L 5.7011713,3.767999698 z"
       id="cc-cc"
       style="fill:#000000;stroke:none;"
       sodipodi:nodetypes="csssccssssscccsssccssssscc" />
    <path
       d="M 18.10000038,3.119999886 A 2.210000038,2.210000038 0 1 1 13.68000031,3.119999886 2.210000038,2.210000038 0 1 1 18.10000038,3.119999886 z"
       sodipodi:ry="2.21"
       sodipodi:rx="2.21"
       sodipodi:cy="3.12"
       sodipodi:cx="15.89"
       id="cc-mancircle"
       style="opacity:1;fill:#ffffff;fill-opacity:1;stroke:#000000;stroke-width:0.43000000719999998;stroke-linecap:round;stroke-linejoin:round;stroke-miterlimit:4;stroke-opacity:1;stroke-dasharray:none;stroke-dashoffset:0"
       sodipodi:type="arc" />
    <path
       style="fill:#000000;stroke:none;"
       d="M 15.875,1.5625 C 15.68829989,1.5625 15.5625,1.719549897 15.5625,1.90625 15.5625,2.092950103 15.68829989,2.25 15.875,2.25 16.06170011,2.25 16.21875,2.092950103 16.21875,1.90625 16.21875,1.719549897 16.06170011,1.5625 15.875,1.5625 z M 15.40625,2.375 C 15.3203218,2.375 15.25,2.44501744 15.25,2.53125 L 15.25,3.5 15.5,3.5 15.5,4.6875 16.25,4.6875 16.25,3.5 16.53125,3.5 16.53125,2.53125 C 16.53125,2.44501951 16.4609282,2.375 16.375,2.375 L 15.40625,2.375 z"
       id="cc-man" />
</g>
